126.563156 43.923727
126.563167 43.923727
126.563167 43.923719
126.563188 43.923719
126.563188 43.923711
126.563210 43.923704
126.563253 43.923696
126.563285 43.923688
126.563317 43.923680
126.563339 43.923665
126.563360 43.923665
126.563371 43.923665
126.563371 43.923657
126.563381 43.923657
126.563381 43.923650
126.563392 43.923650
126.563403 43.923642
126.563414 43.923642
126.563424 43.923642
126.563435 43.923634
126.563446 43.923634
126.563457 43.923634
126.563467 43.923634
126.563478 43.923634
126.563478 43.923626
126.563489 43.923626
126.563500 43.923626
126.563500 43.923619
126.563510 43.923619
126.563510 43.923611
126.563532 43.923611
126.563542 43.923611
126.563553 43.923603
126.563564 43.923603
126.563575 43.923603
126.563585 43.923603
126.563596 43.923603
126.563596 43.923595
126.563607 43.923595
126.563628 43.923588
126.563639 43.923588
126.563650 43.923580
126.563661 43.923580
126.563672 43.923580
126.563683 43.923572
126.563694 43.923572
126.563704 43.923573
126.563715 43.923573
126.563726 43.923573
126.563726 43.923566
126.563737 43.923566
126.563737 43.923558
126.563726 43.923550
126.563715 43.923550
126.563672 43.923526
126.563672 43.923518
126.563715 43.923518
126.564671 43.923628
126.565510 43.923745
126.566789 43.923901
126.567992 43.923949
126.568142 43.923949
126.568067 43.923911
126.567605 43.923763
126.565767 43.923297
126.560630 43.922286
126.557911 43.921795
126.557405 43.921213
126.557405 43.920943
126.558298 43.921161
126.563156 43.922366
126.566358 43.922988
126.568282 43.923176
126.568260 43.923152
126.567895 43.923036
126.566466 43.922694
126.564295 43.922290
126.562887 43.922057
126.559662 43.921565
126.559512 43.921549
126.559814 43.921650
126.560383 43.921836
126.562092 43.922342
126.564639 43.922978
126.566767 43.923275
126.566971 43.923252
126.566874 43.923190
126.565875 43.922895
126.562587 43.922311
126.559770 43.921928
126.558534 43.921772
126.557684 43.921686
126.557470 43.921585
126.558318 43.921864
126.560264 43.922570
126.562930 43.923285
126.565735 43.923799
126.567476 43.923933
126.567616 43.923933
126.566637 43.923623
126.563124 43.922829
126.559587 43.922144
126.558695 43.921989
126.558512 43.921989
126.558964 43.922167
126.561985 43.923014
126.564531 43.923473
126.565101 43.923482
126.565112 43.923358
126.564112 43.922971
126.560856 43.922239
126.557405 43.921832
126.557416 43.921817
126.558029 43.922173
126.559501 43.922926
126.562253 43.923649
126.564187 43.923596
126.564435 43.923241
126.564155 43.922793
126.563446 43.922335
126.560974 43.921551
126.557835 43.921570
126.557513 43.922087
126.557986 43.922459
126.558716 43.922816
126.560844 43.923043
126.563145 43.922644
126.564210 43.921617
126.564242 43.920418
126.560566 43.919772
126.559867 43.920692
126.559856 43.920993
126.560458 43.922316
126.561103 43.922750
126.564167 43.922785
126.566778 43.921574
126.567842 43.919742
126.563543 43.919637
126.562694 43.919876
126.560265 43.921156
126.560092 43.922122
126.561146 43.922549
126.564994 43.922616
126.567240 43.922062
126.568444 43.921213
126.568390 43.920563
126.566112 43.920073
126.563511 43.920325
126.560319 43.921921
126.560490 43.922865
126.563521 43.923572
126.566433 43.923119
126.566982 43.922348
126.564876 43.921541
126.561017 43.921606
126.558114 43.922312
126.558866 43.922770
126.563424 43.923449
126.567369 43.923145
126.568014 43.922696
126.566724 43.922107
126.564628 43.921835
126.559867 43.921959
126.559136 43.922214
126.560608 43.922061
126.560737 43.922038
126.560759 43.922046
126.560867 43.922162
126.561071 43.922324
126.562049 43.922087
126.563704 43.921663
126.564596 43.921262
126.564596 43.921069
126.562597 43.920664
126.559157 43.920613
126.557953 43.920828
126.558007 43.921060
126.559770 43.921681
126.564338 43.921563
126.564929 43.921100
126.562931 43.920425
126.558534 43.919939
126.557405 43.920881
126.560189 43.923669
126.566842 43.924350
126.566907 43.923885
126.565940 43.922633
126.563038 43.921748
126.560630 43.921890
126.559791 43.922254
126.560501 43.923081
126.565917 43.923065
126.567896 43.922023
126.567240 43.921141
126.563640 43.921369
126.558448 43.922499
126.557404 43.923510
126.565875 43.924256
126.566746 43.923499
126.565983 43.922810
126.558738 43.922298
126.557404 43.923502
126.557663 43.924647
126.566433 43.924133
126.566433 43.923978
126.564725 43.923451
126.560371 43.923738
126.558996 43.924440
126.558393 43.924656
126.558136 43.924555
126.557404 43.924646
126.557834 43.924268
126.557834 43.924114
126.557845 43.923379
126.557867 43.923294
126.557920 43.923473
126.558459 43.923681
126.559039 43.923659
126.558996 43.923520
126.558566 43.923303
126.558393 43.923411
126.558307 43.923650
126.559136 43.924348
126.563844 43.923960
126.566090 43.922710
126.564199 43.922297
126.563510 43.922313
126.567067 43.922494
126.568937 43.922365
126.568615 43.922372
126.568175 43.922472
126.568142 43.922635
126.568314 43.922913
126.568453 43.923022
126.568669 43.923169
126.568948 43.923269
126.568894 43.923238
126.568637 43.923153
126.568325 43.923331
126.567948 43.924026
126.568035 43.924212
126.568153 43.924289
126.568175 43.924119
126.567852 43.923917
126.567164 43.924002
126.567228 43.924165
126.568121 43.924127
126.567637 43.922712
126.565133 43.922314
126.559899 43.922431
126.559082 43.922593
126.559264 43.922461
126.559760 43.921016
126.558566 43.919924
126.558696 43.920102
126.558824 43.920187
126.558749 43.919894
126.558223 43.919599
126.558029 43.919613
126.558007 43.919629
126.557996 43.919807
126.558469 43.920009
126.559007 43.919917
126.559265 43.919786
126.558201 43.919808
126.557405 43.920093
126.559330 43.920366
126.564854 43.920172
126.567090 43.919780
126.563092 43.919613
126.562415 43.919675
126.561490 43.919928
126.563436 43.920813
126.566391 43.921117
126.566617 43.920769
126.564844 43.920288
126.562393 43.920764
126.566197 43.923282
126.568250 43.923168
126.564779 43.921951
126.560157 43.922238
126.563500 43.923016
126.565478 43.922299
126.561501 43.921412
126.557405 43.921338
126.561974 43.923192
126.564994 43.923420
126.560232 43.921929
126.557824 43.921631
126.561447 43.922936
126.565133 43.923358
126.557405 43.920981
126.558018 43.921276
126.566090 43.923297
126.568389 43.923285
126.558319 43.921169
126.561114 43.922177
126.565821 43.923212
126.559803 43.921186
126.561404 43.921869
126.566262 43.923119
126.560178 43.921001
126.559867 43.920869
126.567369 43.921899
126.564521 43.921177
126.561210 43.920577
126.564070 43.921625
126.566821 43.922231
126.564607 43.921486
126.558889 43.920071
126.566649 43.922741
126.568539 43.923053
126.560587 43.920384
126.559771 43.920908
126.566176 43.923746
126.560253 43.922501
126.557609 43.921987
126.559512 43.922701
126.563467 43.923727
126.560275 43.923414
126.557856 43.923309
126.560898 43.924157
126.560759 43.924118
126.559619 43.924054
126.561006 43.924102
126.563694 43.923998
126.562941 43.923943
126.560469 43.923962
126.560490 43.924064
126.562694 43.924245
126.563167 43.924075
126.560673 43.923670
126.558491 43.923426
126.563037 43.924129
126.563199 43.923974
126.560221 43.923352
126.559426 43.923243
126.562865 43.923920
126.562780 43.923826
126.559985 43.923351
126.559339 43.923289
126.564929 43.924626
126.563510 43.924369
126.559566 43.924039
126.560414 43.924404
126.566734 43.924675
126.566702 43.924659
126.562231 43.924460
126.559973 43.924356
126.566014 43.924658
126.565735 43.924472
126.563694 43.923890
126.563908 43.923813
126.566864 43.923793
126.568625 43.923671
126.565337 43.923350
126.563026 43.923108
126.565359 43.923543
126.567809 43.923933
126.562532 43.923904
126.564371 43.924177
126.566423 43.923947
126.564628 43.922862
126.563424 43.921346
126.565983 43.921527
126.566326 43.922061
126.565735 43.921905
126.566992 43.921226
126.568938 43.919743
126.568615 43.919713
126.567638 43.920059
126.568067 43.920431
126.565833 43.919849
126.567068 43.920267
126.567465 43.920252
126.563554 43.920332
126.563554 43.920666
126.568712 43.921352
126.566219 43.921179
126.560469 43.922153
126.561275 43.923384
126.563790 43.923511
126.560963 43.921636
126.557405 43.921182
126.559307 43.922330
126.563274 43.922041
126.562415 43.920787
126.562146 43.921112
126.562479 43.921561
126.561501 43.921065
126.560619 43.920847
126.561597 43.921258
126.562253 43.921321
126.560974 43.920894
126.562274 43.921839
126.568573 43.922557
126.567144 43.920670
126.561200 43.921026
126.561576 43.921993
126.568486 43.922333
126.567755 43.922093
126.561576 43.920910
126.562231 43.921522
126.566391 43.922957
126.561028 43.921752
126.561157 43.922286
126.565993 43.923629
126.559179 43.921749
126.558426 43.921802
126.565617 43.923351
126.564758 43.922870
126.558394 43.922514
126.561103 43.924002
126.565144 43.924634
126.564542 43.923442
126.562060 43.922008
126.559889 43.922455
126.562790 43.923401
126.563790 43.923147
126.563994 43.923017
126.563994 43.923017
